129
19
46
0	30	-1	-1	7	-1	7	-1	-1	-1	-1	-1	-1	-1	-1	-1	-1	-1	-1	-1	-1
1	32	-1	-1	-1	-1	9	-1	9	-1	-1	9	-1	-1	-1	-1	-1	-1	-1	-1	-1
2	17	-1	-1	-1	-1	-1	7	-1	7	7	-1	-1	-1	-1	-1	-1	-1	-1	-1	-1
3	41	-1	-1	14	-1	14	-1	-1	-1	-1	-1	-1	-1	-1	-1	-1	-1	-1	-1	-1
4	17	-1	-1	-1	-1	-1	7	-1	7	7	-1	-1	-1	-1	-1	-1	-1	-1	-1	-1
5	24	-1	-1	-1	-1	-1	-1	14	-1	-1	-1	-1	14	-1	-1	-1	-1	-1	-1	-1
6	18	-1	-1	23	-1	23	-1	-1	-1	-1	-1	-1	-1	-1	-1	-1	-1	-1	-1	-1
7	23	-1	-1	-1	-1	-1	-1	-1	48	48	-1	-1	-1	-1	-1	-1	-1	-1	-1	-1
8	10	-1	-1	-1	-1	-1	18	18	-1	-1	-1	-1	18	-1	-1	-1	-1	-1	-1	-1
9	10	-1	-1	-1	-1	-1	18	18	-1	-1	-1	-1	18	-1	-1	-1	-1	-1	-1	-1
10	10	-1	-1	-1	-1	-1	18	18	-1	-1	-1	-1	18	-1	-1	-1	-1	-1	-1	-1
11	10	-1	-1	-1	-1	-1	18	18	-1	-1	-1	-1	18	-1	-1	-1	-1	-1	-1	-1
12	25	-1	9	-1	9	-1	-1	-1	-1	-1	-1	-1	-1	-1	-1	-1	-1	-1	-1	-1
13	24	-1	-1	-1	-1	-1	-1	14	-1	-1	-1	-1	14	-1	-1	-1	-1	-1	-1	-1
14	38	-1	-1	10	-1	10	-1	-1	-1	-1	-1	-1	-1	-1	-1	-1	-1	-1	-1	-1
15	45	-1	-1	10	-1	-1	10	10	-1	-1	-1	-1	-1	-1	-1	-1	-1	-1	-1	-1
16	4	-1	-1	24	-1	-1	-1	-1	24	24	-1	-1	-1	-1	-1	-1	-1	-1	-1	-1
17	37	-1	9	-1	9	-1	-1	-1	-1	-1	-1	-1	-1	-1	-1	-1	-1	-1	-1	-1
18	37	-1	9	-1	9	-1	-1	-1	-1	-1	-1	-1	-1	-1	-1	-1	-1	-1	-1	-1
19	37	-1	9	-1	9	-1	-1	-1	-1	-1	-1	-1	-1	-1	-1	-1	-1	-1	-1	-1
20	36	-1	-1	18	-1	18	-1	-1	-1	18	-1	-1	-1	-1	18	-1	-1	18	18	18
21	18	-1	-1	23	-1	23	-1	-1	-1	-1	-1	-1	-1	-1	-1	-1	-1	-1	-1	-1
22	4	-1	-1	24	-1	-1	-1	-1	24	24	-1	-1	-1	-1	-1	-1	-1	-1	-1	-1
23	34	-1	-1	-1	-1	-1	6	6	-1	-1	6	-1	-1	-1	-1	-1	-1	-1	-1	-1
24	31	-1	-1	-1	-1	12	-1	-1	-1	-1	-1	-1	-1	-1	-1	-1	-1	-1	-1	-1
25	3	-1	-1	23	-1	-1	-1	-1	23	23	-1	-1	-1	-1	-1	-1	-1	-1	-1	-1
26	41	-1	-1	14	-1	14	-1	-1	-1	-1	-1	-1	-1	-1	-1	-1	-1	-1	-1	-1
27	31	-1	-1	-1	-1	12	-1	-1	-1	-1	-1	-1	-1	-1	-1	-1	-1	-1	-1	-1
28	5	-1	9	-1	9	-1	-1	-1	-1	-1	-1	-1	-1	-1	-1	-1	-1	-1	-1	-1
29	37	-1	9	-1	9	-1	-1	-1	-1	-1	-1	-1	-1	-1	-1	-1	-1	-1	-1	-1
30	31	-1	-1	-1	-1	12	-1	-1	-1	-1	-1	-1	-1	-1	-1	-1	-1	-1	-1	-1
31	41	-1	-1	14	-1	14	-1	-1	-1	-1	-1	-1	-1	-1	-1	-1	-1	-1	-1	-1
32	24	-1	-1	-1	-1	-1	-1	14	-1	-1	-1	-1	14	-1	-1	-1	-1	-1	-1	-1
33	41	-1	-1	14	-1	14	-1	-1	-1	-1	-1	-1	-1	-1	-1	-1	-1	-1	-1	-1
34	24	-1	-1	-1	-1	-1	-1	14	-1	-1	-1	-1	14	-1	-1	-1	-1	-1	-1	-1
35	44	-1	-1	23	-1	-1	23	-1	-1	-1	-1	23	-1	-1	-1	-1	-1	-1	-1	-1
36	4	-1	-1	24	-1	-1	-1	-1	24	24	-1	-1	-1	-1	-1	-1	-1	-1	-1	-1
37	3	-1	-1	23	-1	-1	-1	-1	23	23	-1	-1	-1	-1	-1	-1	-1	-1	-1	-1
38	11	-1	-1	-1	-1	-1	-1	7	-1	-1	-1	-1	-1	7	7	7	-1	7	7	7
39	1	-1	-1	52	-1	-1	-1	52	52	52	-1	-1	-1	-1	-1	-1	-1	-1	-1	-1
40	4	-1	-1	24	-1	-1	-1	-1	24	24	-1	-1	-1	-1	-1	-1	-1	-1	-1	-1
41	1	-1	-1	52	-1	-1	-1	52	52	52	-1	-1	-1	-1	-1	-1	-1	-1	-1	-1
42	1	-1	-1	52	-1	-1	-1	52	52	52	-1	-1	-1	-1	-1	-1	-1	-1	-1	-1
43	3	-1	-1	23	-1	-1	-1	-1	23	23	-1	-1	-1	-1	-1	-1	-1	-1	-1	-1
44	9	-1	-1	6	-1	6	-1	-1	6	-1	-1	-1	-1	-1	-1	-1	-1	-1	-1	-1
45	19	-1	-1	23	-1	-1	-1	-1	23	23	-1	-1	-1	-1	-1	-1	-1	-1	-1	-1
46	29	17	-1	-1	-1	-1	-1	17	-1	-1	-1	-1	-1	-1	-1	-1	-1	-1	-1	-1
47	42	-1	-1	7	-1	7	7	7	-1	-1	-1	-1	-1	-1	-1	-1	-1	-1	-1	-1
48	3	-1	-1	23	-1	-1	-1	-1	23	23	-1	-1	-1	-1	-1	-1	-1	-1	-1	-1
49	42	-1	-1	7	-1	7	7	7	-1	-1	-1	-1	-1	-1	-1	-1	-1	-1	-1	-1
50	30	-1	-1	7	-1	7	-1	-1	-1	-1	-1	-1	-1	-1	-1	-1	-1	-1	-1	-1
51	2	-1	-1	-1	-1	-1	-1	-1	-1	-1	-1	-1	-1	-1	56	56	56	-1	56	56
52	4	-1	-1	24	-1	-1	-1	-1	24	24	-1	-1	-1	-1	-1	-1	-1	-1	-1	-1
53	23	-1	-1	-1	-1	-1	-1	-1	48	48	-1	-1	-1	-1	-1	-1	-1	-1	-1	-1
54	42	-1	-1	7	-1	7	7	7	-1	-1	-1	-1	-1	-1	-1	-1	-1	-1	-1	-1
55	28	-1	-1	-1	-1	-1	-1	-1	-1	-1	-1	-1	-1	39	-1	39	39	-1	-1	-1
56	39	-1	-1	14	-1	-1	-1	-1	-1	-1	14	-1	-1	14	14	-1	-1	14	-1	-1
57	43	-1	-1	-1	-1	-1	19	19	-1	-1	19	19	-1	-1	-1	-1	-1	-1	-1	-1
58	27	-1	-1	-1	-1	-1	23	23	23	23	23	-1	23	-1	-1	-1	-1	-1	-1	-1
59	3	-1	-1	23	-1	-1	-1	-1	23	23	-1	-1	-1	-1	-1	-1	-1	-1	-1	-1
60	12	-1	-1	61	-1	-1	-1	61	61	61	-1	-1	-1	-1	-1	-1	-1	-1	-1	-1
61	3	-1	-1	23	-1	-1	-1	-1	23	23	-1	-1	-1	-1	-1	-1	-1	-1	-1	-1
62	3	-1	-1	23	-1	-1	-1	-1	23	23	-1	-1	-1	-1	-1	-1	-1	-1	-1	-1
63	14	-1	-1	12	-1	12	-1	-1	12	-1	-1	-1	-1	-1	-1	-1	-1	-1	-1	-1
64	14	-1	-1	12	-1	12	-1	-1	12	-1	-1	-1	-1	-1	-1	-1	-1	-1	-1	-1
65	14	-1	-1	12	-1	12	-1	-1	12	-1	-1	-1	-1	-1	-1	-1	-1	-1	-1	-1
66	3	-1	-1	23	-1	-1	-1	-1	23	23	-1	-1	-1	-1	-1	-1	-1	-1	-1	-1
67	3	-1	-1	23	-1	-1	-1	-1	23	23	-1	-1	-1	-1	-1	-1	-1	-1	-1	-1
68	40	-1	-1	19	-1	-1	19	19	-1	-1	19	-1	-1	-1	19	-1	-1	-1	-1	-1
69	12	-1	-1	61	-1	-1	-1	61	61	61	-1	-1	-1	-1	-1	-1	-1	-1	-1	-1
70	21	-1	-1	23	-1	-1	-1	-1	23	23	-1	-1	-1	-1	-1	-1	-1	-1	-1	-1
71	14	-1	-1	12	-1	12	-1	-1	12	-1	-1	-1	-1	-1	-1	-1	-1	-1	-1	-1
72	42	-1	-1	7	-1	7	7	7	-1	-1	-1	-1	-1	-1	-1	-1	-1	-1	-1	-1
73	42	-1	-1	7	-1	7	7	7	-1	-1	-1	-1	-1	-1	-1	-1	-1	-1	-1	-1
74	14	-1	-1	12	-1	12	-1	-1	12	-1	-1	-1	-1	-1	-1	-1	-1	-1	-1	-1
75	14	-1	-1	12	-1	12	-1	-1	12	-1	-1	-1	-1	-1	-1	-1	-1	-1	-1	-1
76	39	-1	-1	14	-1	-1	-1	-1	-1	-1	14	-1	-1	14	14	-1	-1	14	-1	-1
77	12	-1	-1	61	-1	-1	-1	61	61	61	-1	-1	-1	-1	-1	-1	-1	-1	-1	-1
78	12	-1	-1	61	-1	-1	-1	61	61	61	-1	-1	-1	-1	-1	-1	-1	-1	-1	-1
79	12	-1	-1	61	-1	-1	-1	61	61	61	-1	-1	-1	-1	-1	-1	-1	-1	-1	-1
80	20	27	-1	-1	-1	-1	-1	-1	27	27	-1	-1	27	-1	-1	-1	-1	-1	-1	-1
81	12	-1	-1	61	-1	-1	-1	61	61	61	-1	-1	-1	-1	-1	-1	-1	-1	-1	-1
82	22	27	-1	-1	-1	-1	-1	-1	27	27	-1	-1	27	-1	-1	-1	-1	-1	-1	-1
83	16	-1	-1	7	-1	7	-1	-1	7	7	-1	-1	-1	-1	-1	-1	-1	-1	-1	-1
84	12	-1	-1	61	-1	-1	-1	61	61	61	-1	-1	-1	-1	-1	-1	-1	-1	-1	-1
85	14	-1	-1	12	-1	12	-1	-1	12	-1	-1	-1	-1	-1	-1	-1	-1	-1	-1	-1
86	14	-1	-1	12	-1	12	-1	-1	12	-1	-1	-1	-1	-1	-1	-1	-1	-1	-1	-1
87	13	-1	-1	-1	-1	-1	-1	-1	-1	-1	-1	-1	-1	-1	55	55	55	-1	55	55
88	13	-1	-1	-1	-1	-1	-1	-1	-1	-1	-1	-1	-1	-1	55	55	55	-1	55	55
89	39	-1	-1	14	-1	-1	-1	-1	-1	-1	14	-1	-1	14	14	-1	-1	14	-1	-1
90	8	3	-1	3	3	3	3	3	3	3	3	3	3	3	-1	3	3	3	3	3
91	13	-1	-1	-1	-1	-1	-1	-1	-1	-1	-1	-1	-1	-1	55	55	55	-1	55	55
92	22	27	-1	-1	-1	-1	-1	-1	27	27	-1	-1	27	-1	-1	-1	-1	-1	-1	-1
93	22	27	-1	-1	-1	-1	-1	-1	27	27	-1	-1	27	-1	-1	-1	-1	-1	-1	-1
94	22	27	-1	-1	-1	-1	-1	-1	27	27	-1	-1	27	-1	-1	-1	-1	-1	-1	-1
95	22	27	-1	-1	-1	-1	-1	-1	27	27	-1	-1	27	-1	-1	-1	-1	-1	-1	-1
96	19	-1	-1	23	-1	-1	-1	-1	23	23	-1	-1	-1	-1	-1	-1	-1	-1	-1	-1
97	20	27	-1	-1	-1	-1	-1	-1	27	27	-1	-1	27	-1	-1	-1	-1	-1	-1	-1
98	22	27	-1	-1	-1	-1	-1	-1	27	27	-1	-1	27	-1	-1	-1	-1	-1	-1	-1
99	20	27	-1	-1	-1	-1	-1	-1	27	27	-1	-1	27	-1	-1	-1	-1	-1	-1	-1
100	22	27	-1	-1	-1	-1	-1	-1	27	27	-1	-1	27	-1	-1	-1	-1	-1	-1	-1
101	22	27	-1	-1	-1	-1	-1	-1	27	27	-1	-1	27	-1	-1	-1	-1	-1	-1	-1
102	20	27	-1	-1	-1	-1	-1	-1	27	27	-1	-1	27	-1	-1	-1	-1	-1	-1	-1
103	13	-1	-1	-1	-1	-1	-1	-1	-1	-1	-1	-1	-1	-1	55	55	55	-1	55	55
104	22	27	-1	-1	-1	-1	-1	-1	27	27	-1	-1	27	-1	-1	-1	-1	-1	-1	-1
105	22	27	-1	-1	-1	-1	-1	-1	27	27	-1	-1	27	-1	-1	-1	-1	-1	-1	-1
106	22	27	-1	-1	-1	-1	-1	-1	27	27	-1	-1	27	-1	-1	-1	-1	-1	-1	-1
107	22	27	-1	-1	-1	-1	-1	-1	27	27	-1	-1	27	-1	-1	-1	-1	-1	-1	-1
108	20	27	-1	-1	-1	-1	-1	-1	27	27	-1	-1	27	-1	-1	-1	-1	-1	-1	-1
109	13	-1	-1	-1	-1	-1	-1	-1	-1	-1	-1	-1	-1	-1	55	55	55	-1	55	55
110	20	27	-1	-1	-1	-1	-1	-1	27	27	-1	-1	27	-1	-1	-1	-1	-1	-1	-1
111	6	-1	-1	4	4	4	4	4	4	4	4	-1	4	-1	-1	-1	-1	-1	-1	-1
112	27	-1	-1	-1	-1	-1	23	23	23	23	23	-1	23	-1	-1	-1	-1	-1	-1	-1
113	27	-1	-1	-1	-1	-1	23	23	23	23	23	-1	23	-1	-1	-1	-1	-1	-1	-1
114	33	-1	-1	-1	-1	-1	-1	-1	-1	-1	-1	-1	-1	17	-1	17	17	17	17	-1
115	33	-1	-1	-1	-1	-1	-1	-1	-1	-1	-1	-1	-1	17	-1	17	17	17	17	-1
116	26	-1	-1	4	4	4	4	4	4	4	4	4	4	-1	-1	-1	-1	-1	-1	-1
117	27	-1	-1	-1	-1	-1	23	23	23	23	23	-1	23	-1	-1	-1	-1	-1	-1	-1
118	27	-1	-1	-1	-1	-1	23	23	23	23	23	-1	23	-1	-1	-1	-1	-1	-1	-1
119	27	-1	-1	-1	-1	-1	23	23	23	23	23	-1	23	-1	-1	-1	-1	-1	-1	-1
120	27	-1	-1	-1	-1	-1	23	23	23	23	23	-1	23	-1	-1	-1	-1	-1	-1	-1
121	27	-1	-1	-1	-1	-1	23	23	23	23	23	-1	23	-1	-1	-1	-1	-1	-1	-1
122	33	-1	-1	-1	-1	-1	-1	-1	-1	-1	-1	-1	-1	17	-1	17	17	17	17	-1
123	33	-1	-1	-1	-1	-1	-1	-1	-1	-1	-1	-1	-1	17	-1	17	17	17	17	-1
124	29	17	-1	-1	-1	-1	-1	17	-1	-1	-1	-1	-1	-1	-1	-1	-1	-1	-1	-1
125	35	-1	-1	-1	-1	-1	25	25	-1	-1	-1	-1	-1	-1	-1	-1	-1	-1	-1	-1
126	5	-1	9	-1	9	-1	-1	-1	-1	-1	-1	-1	-1	-1	-1	-1	-1	-1	-1	-1
127	7	-1	-1	17	-1	17	-1	17	17	17	-1	-1	-1	17	17	-1	17	-1	17	17
128	15	-1	-1	14	-1	14	-1	-1	14	-1	-1	-1	-1	-1	-1	-1	-1	-1	-1	-1
