144
19
49
0	34	-1	-1	-1	-1	9	-1	9	-1	-1	9	-1	-1	-1	-1	-1	-1	-1	-1	-1
1	43	-1	-1	-1	-1	14	-1	-1	-1	-1	-1	-1	-1	-1	-1	-1	-1	-1	-1	-1
2	21	-1	-1	-1	-1	23	-1	-1	-1	-1	-1	-1	-1	-1	-1	-1	-1	-1	-1	-1
3	39	-1	-1	-1	-1	10	-1	-1	-1	-1	-1	-1	-1	-1	-1	-1	-1	-1	-1	-1
4	49	-1	-1	10	-1	-1	10	10	-1	-1	-1	-1	-1	-1	-1	-1	-1	-1	-1	-1
5	21	-1	-1	-1	-1	23	-1	-1	-1	-1	-1	-1	-1	-1	-1	-1	-1	-1	-1	-1
6	33	-1	-1	-1	-1	12	-1	-1	-1	-1	-1	-1	-1	-1	-1	-1	-1	-1	-1	-1
7	6	-1	-1	12	-1	12	-1	-1	12	-1	-1	-1	-1	-1	-1	-1	-1	-1	-1	-1
8	43	-1	-1	-1	-1	14	-1	-1	-1	-1	-1	-1	-1	-1	-1	-1	-1	-1	-1	-1
9	33	-1	-1	-1	-1	12	-1	-1	-1	-1	-1	-1	-1	-1	-1	-1	-1	-1	-1	-1
10	35	-1	-1	-1	-1	-1	6	6	-1	-1	6	-1	-1	-1	-1	-1	-1	-1	-1	-1
11	10	-1	9	-1	9	-1	-1	-1	-1	-1	-1	-1	-1	-1	-1	-1	-1	-1	-1	-1
12	9	-1	9	-1	9	-1	-1	-1	-1	-1	-1	-1	-1	-1	-1	-1	-1	-1	-1	-1
13	33	-1	-1	-1	-1	12	-1	-1	-1	-1	-1	-1	-1	-1	-1	-1	-1	-1	-1	-1
14	33	-1	-1	-1	-1	12	-1	-1	-1	-1	-1	-1	-1	-1	-1	-1	-1	-1	-1	-1
15	43	-1	-1	-1	-1	14	-1	-1	-1	-1	-1	-1	-1	-1	-1	-1	-1	-1	-1	-1
16	43	-1	-1	-1	-1	14	-1	-1	-1	-1	-1	-1	-1	-1	-1	-1	-1	-1	-1	-1
17	25	-1	-1	-1	-1	-1	-1	14	-1	-1	-1	-1	14	-1	-1	-1	-1	-1	-1	-1
18	9	-1	9	-1	9	-1	-1	-1	-1	-1	-1	-1	-1	-1	-1	-1	-1	-1	-1	-1
19	43	-1	-1	-1	-1	14	-1	-1	-1	-1	-1	-1	-1	-1	-1	-1	-1	-1	-1	-1
20	43	-1	-1	-1	-1	14	-1	-1	-1	-1	-1	-1	-1	-1	-1	-1	-1	-1	-1	-1
21	43	-1	-1	-1	-1	14	-1	-1	-1	-1	-1	-1	-1	-1	-1	-1	-1	-1	-1	-1
22	34	-1	-1	-1	-1	9	-1	9	-1	-1	9	-1	-1	-1	-1	-1	-1	-1	-1	-1
23	43	-1	-1	-1	-1	14	-1	-1	-1	-1	-1	-1	-1	-1	-1	-1	-1	-1	-1	-1
24	43	-1	-1	-1	-1	14	-1	-1	-1	-1	-1	-1	-1	-1	-1	-1	-1	-1	-1	-1
25	43	-1	-1	-1	-1	14	-1	-1	-1	-1	-1	-1	-1	-1	-1	-1	-1	-1	-1	-1
26	4	-1	-1	52	-1	52	-1	52	52	52	-1	-1	-1	-1	-1	-1	-1	-1	-1	-1
27	10	-1	9	-1	9	-1	-1	-1	-1	-1	-1	-1	-1	-1	-1	-1	-1	-1	-1	-1
28	43	-1	-1	-1	-1	14	-1	-1	-1	-1	-1	-1	-1	-1	-1	-1	-1	-1	-1	-1
29	43	-1	-1	-1	-1	14	-1	-1	-1	-1	-1	-1	-1	-1	-1	-1	-1	-1	-1	-1
30	25	-1	-1	-1	-1	-1	-1	14	-1	-1	-1	-1	14	-1	-1	-1	-1	-1	-1	-1
31	10	-1	9	-1	9	-1	-1	-1	-1	-1	-1	-1	-1	-1	-1	-1	-1	-1	-1	-1
32	16	-1	-1	61	-1	61	-1	61	61	61	-1	-1	-1	-1	-1	-1	-1	-1	-1	-1
33	10	-1	9	-1	9	-1	-1	-1	-1	-1	-1	-1	-1	-1	-1	-1	-1	-1	-1	-1
34	48	-1	9	-1	9	-1	-1	-1	-1	-1	-1	-1	-1	-1	-1	-1	-1	-1	-1	-1
35	43	-1	-1	-1	-1	14	-1	-1	-1	-1	-1	-1	-1	-1	-1	-1	-1	-1	-1	-1
36	10	-1	9	-1	9	-1	-1	-1	-1	-1	-1	-1	-1	-1	-1	-1	-1	-1	-1	-1
37	47	-1	-1	23	-1	-1	23	-1	-1	-1	-1	23	-1	-1	-1	-1	-1	-1	-1	-1
38	16	-1	-1	61	-1	61	-1	61	61	61	-1	-1	-1	-1	-1	-1	-1	-1	-1	-1
39	16	-1	-1	61	-1	61	-1	61	61	61	-1	-1	-1	-1	-1	-1	-1	-1	-1	-1
40	34	-1	-1	-1	-1	9	-1	9	-1	-1	9	-1	-1	-1	-1	-1	-1	-1	-1	-1
41	26	-1	9	-1	9	-1	-1	-1	-1	-1	-1	-1	-1	-1	-1	-1	-1	-1	-1	-1
42	10	-1	9	-1	9	-1	-1	-1	-1	-1	-1	-1	-1	-1	-1	-1	-1	-1	-1	-1
43	27	-1	9	-1	9	-1	-1	-1	-1	-1	-1	-1	-1	-1	-1	-1	-1	-1	-1	-1
44	15	-1	-1	54	-1	54	-1	54	-1	54	-1	-1	-1	-1	-1	-1	-1	-1	-1	-1
45	46	-1	-1	-1	-1	-1	19	19	-1	-1	19	19	-1	-1	-1	-1	-1	-1	-1	-1
46	10	-1	9	-1	9	-1	-1	-1	-1	-1	-1	-1	-1	-1	-1	-1	-1	-1	-1	-1
47	10	-1	9	-1	9	-1	-1	-1	-1	-1	-1	-1	-1	-1	-1	-1	-1	-1	-1	-1
48	2	-1	-1	20	20	-1	-1	-1	20	20	-1	-1	-1	20	20	-1	20	20	20	20
49	13	-1	-1	6	-1	6	-1	-1	6	-1	-1	-1	-1	-1	-1	-1	-1	-1	-1	-1
50	10	-1	9	-1	9	-1	-1	-1	-1	-1	-1	-1	-1	-1	-1	-1	-1	-1	-1	-1
51	16	-1	-1	61	-1	61	-1	61	61	61	-1	-1	-1	-1	-1	-1	-1	-1	-1	-1
52	37	-1	-1	-1	-1	-1	-1	12	12	12	-1	12	-1	12	-1	-1	-1	12	12	12
53	16	-1	-1	61	-1	61	-1	61	61	61	-1	-1	-1	-1	-1	-1	-1	-1	-1	-1
54	44	-1	-1	7	-1	7	7	7	-1	-1	-1	-1	-1	-1	-1	-1	-1	-1	-1	-1
55	4	-1	-1	52	-1	52	-1	52	52	52	-1	-1	-1	-1	-1	-1	-1	-1	-1	-1
56	44	-1	-1	7	-1	7	7	7	-1	-1	-1	-1	-1	-1	-1	-1	-1	-1	-1	-1
57	45	-1	-1	7	-1	7	7	7	-1	-1	-1	-1	-1	-1	-1	-1	-1	-1	-1	-1
58	5	-1	-1	-1	-1	-1	-1	-1	-1	-1	-1	-1	-1	-1	56	56	56	56	56	56
59	5	-1	-1	-1	-1	-1	-1	-1	-1	-1	-1	-1	-1	-1	56	56	56	56	56	56
60	10	-1	9	-1	9	-1	-1	-1	-1	-1	-1	-1	-1	-1	-1	-1	-1	-1	-1	-1
61	8	-1	-1	24	-1	24	-1	-1	24	24	-1	-1	-1	-1	-1	-1	-1	-1	-1	-1
62	16	-1	-1	61	-1	61	-1	61	61	61	-1	-1	-1	-1	-1	-1	-1	-1	-1	-1
63	37	-1	-1	-1	-1	-1	-1	12	12	12	-1	12	-1	12	-1	-1	-1	12	12	12
64	32	-1	-1	7	-1	7	-1	-1	-1	-1	-1	-1	-1	-1	-1	-1	-1	-1	-1	-1
65	8	-1	-1	24	-1	24	-1	-1	24	24	-1	-1	-1	-1	-1	-1	-1	-1	-1	-1
66	7	-1	-1	23	-1	23	-1	-1	23	23	-1	-1	-1	-1	-1	-1	-1	-1	-1	-1
67	44	-1	-1	7	-1	7	7	7	-1	-1	-1	-1	-1	-1	-1	-1	-1	-1	-1	-1
68	44	-1	-1	7	-1	7	7	7	-1	-1	-1	-1	-1	-1	-1	-1	-1	-1	-1	-1
69	44	-1	-1	7	-1	7	7	7	-1	-1	-1	-1	-1	-1	-1	-1	-1	-1	-1	-1
70	41	-1	-1	14	-1	-1	-1	-1	-1	-1	14	-1	-1	14	14	-1	-1	14	-1	-1
71	42	-1	-1	19	-1	-1	19	19	-1	-1	19	-1	-1	-1	19	-1	-1	-1	-1	-1
72	7	-1	-1	23	-1	23	-1	-1	23	23	-1	-1	-1	-1	-1	-1	-1	-1	-1	-1
73	16	-1	-1	61	-1	61	-1	61	61	61	-1	-1	-1	-1	-1	-1	-1	-1	-1	-1
74	16	-1	-1	61	-1	61	-1	61	61	61	-1	-1	-1	-1	-1	-1	-1	-1	-1	-1
75	4	-1	-1	52	-1	52	-1	52	52	52	-1	-1	-1	-1	-1	-1	-1	-1	-1	-1
76	16	-1	-1	61	-1	61	-1	61	61	61	-1	-1	-1	-1	-1	-1	-1	-1	-1	-1
77	16	-1	-1	61	-1	61	-1	61	61	61	-1	-1	-1	-1	-1	-1	-1	-1	-1	-1
78	40	-1	-1	-1	-1	-1	8	8	-1	-1	-1	-1	-1	-1	-1	-1	-1	-1	-1	-1
79	40	-1	-1	-1	-1	-1	8	8	-1	-1	-1	-1	-1	-1	-1	-1	-1	-1	-1	-1
80	7	-1	-1	23	-1	23	-1	-1	23	23	-1	-1	-1	-1	-1	-1	-1	-1	-1	-1
81	19	-1	-1	12	-1	12	-1	-1	12	-1	-1	-1	-1	-1	-1	-1	-1	-1	-1	-1
82	23	27	-1	-1	-1	27	-1	-1	27	27	-1	-1	27	-1	-1	-1	-1	-1	-1	-1
83	44	-1	-1	7	-1	7	7	7	-1	-1	-1	-1	-1	-1	-1	-1	-1	-1	-1	-1
84	28	-1	9	-1	9	-1	-1	-1	-1	-1	-1	-1	-1	-1	-1	-1	-1	-1	-1	-1
85	7	-1	-1	23	-1	23	-1	-1	23	23	-1	-1	-1	-1	-1	-1	-1	-1	-1	-1
86	19	-1	-1	12	-1	12	-1	-1	12	-1	-1	-1	-1	-1	-1	-1	-1	-1	-1	-1
87	18	-1	-1	-1	-1	-1	-1	-1	-1	-1	-1	-1	-1	-1	55	55	55	55	55	55
88	19	-1	-1	12	-1	12	-1	-1	12	-1	-1	-1	-1	-1	-1	-1	-1	-1	-1	-1
89	19	-1	-1	12	-1	12	-1	-1	12	-1	-1	-1	-1	-1	-1	-1	-1	-1	-1	-1
90	39	-1	-1	-1	-1	10	-1	-1	-1	-1	-1	-1	-1	-1	-1	-1	-1	-1	-1	-1
91	39	-1	-1	-1	-1	10	-1	-1	-1	-1	-1	-1	-1	-1	-1	-1	-1	-1	-1	-1
92	44	-1	-1	7	-1	7	7	7	-1	-1	-1	-1	-1	-1	-1	-1	-1	-1	-1	-1
93	44	-1	-1	7	-1	7	7	7	-1	-1	-1	-1	-1	-1	-1	-1	-1	-1	-1	-1
94	19	-1	-1	12	-1	12	-1	-1	12	-1	-1	-1	-1	-1	-1	-1	-1	-1	-1	-1
95	16	-1	-1	61	-1	61	-1	61	61	61	-1	-1	-1	-1	-1	-1	-1	-1	-1	-1
96	16	-1	-1	61	-1	61	-1	61	61	61	-1	-1	-1	-1	-1	-1	-1	-1	-1	-1
97	16	-1	-1	61	-1	61	-1	61	61	61	-1	-1	-1	-1	-1	-1	-1	-1	-1	-1
98	16	-1	-1	61	-1	61	-1	61	61	61	-1	-1	-1	-1	-1	-1	-1	-1	-1	-1
99	23	27	-1	-1	-1	27	-1	-1	27	27	-1	-1	27	-1	-1	-1	-1	-1	-1	-1
100	16	-1	-1	61	-1	61	-1	61	61	61	-1	-1	-1	-1	-1	-1	-1	-1	-1	-1
101	16	-1	-1	61	-1	61	-1	61	61	61	-1	-1	-1	-1	-1	-1	-1	-1	-1	-1
102	19	-1	-1	12	-1	12	-1	-1	12	-1	-1	-1	-1	-1	-1	-1	-1	-1	-1	-1
103	24	27	-1	-1	-1	27	-1	-1	27	27	-1	-1	27	-1	-1	-1	-1	-1	-1	-1
104	24	27	-1	-1	-1	27	-1	-1	27	27	-1	-1	27	-1	-1	-1	-1	-1	-1	-1
105	19	-1	-1	12	-1	12	-1	-1	12	-1	-1	-1	-1	-1	-1	-1	-1	-1	-1	-1
106	12	-1	-1	17	-1	17	-1	17	17	17	-1	-1	-1	17	17	-1	17	17	17	17
107	24	27	-1	-1	-1	27	-1	-1	27	27	-1	-1	27	-1	-1	-1	-1	-1	-1	-1
108	19	-1	-1	12	-1	12	-1	-1	12	-1	-1	-1	-1	-1	-1	-1	-1	-1	-1	-1
109	23	27	-1	-1	-1	27	-1	-1	27	27	-1	-1	27	-1	-1	-1	-1	-1	-1	-1
110	12	-1	-1	17	-1	17	-1	17	17	17	-1	-1	-1	17	17	-1	17	17	17	17
111	19	-1	-1	12	-1	12	-1	-1	12	-1	-1	-1	-1	-1	-1	-1	-1	-1	-1	-1
112	19	-1	-1	12	-1	12	-1	-1	12	-1	-1	-1	-1	-1	-1	-1	-1	-1	-1	-1
113	39	-1	-1	-1	-1	10	-1	-1	-1	-1	-1	-1	-1	-1	-1	-1	-1	-1	-1	-1
114	24	27	-1	-1	-1	27	-1	-1	27	27	-1	-1	27	-1	-1	-1	-1	-1	-1	-1
115	24	27	-1	-1	-1	27	-1	-1	27	27	-1	-1	27	-1	-1	-1	-1	-1	-1	-1
116	16	-1	-1	61	-1	61	-1	61	61	61	-1	-1	-1	-1	-1	-1	-1	-1	-1	-1
117	23	27	-1	-1	-1	27	-1	-1	27	27	-1	-1	27	-1	-1	-1	-1	-1	-1	-1
118	41	-1	-1	14	-1	-1	-1	-1	-1	-1	14	-1	-1	14	14	-1	-1	14	-1	-1
119	24	27	-1	-1	-1	27	-1	-1	27	27	-1	-1	27	-1	-1	-1	-1	-1	-1	-1
120	23	27	-1	-1	-1	27	-1	-1	27	27	-1	-1	27	-1	-1	-1	-1	-1	-1	-1
121	23	27	-1	-1	-1	27	-1	-1	27	27	-1	-1	27	-1	-1	-1	-1	-1	-1	-1
122	23	27	-1	-1	-1	27	-1	-1	27	27	-1	-1	27	-1	-1	-1	-1	-1	-1	-1
123	22	-1	-1	23	-1	23	-1	-1	23	23	-1	-1	-1	-1	-1	-1	-1	-1	-1	-1
124	38	-1	-1	-1	-1	-1	24	24	24	24	24	-1	24	-1	-1	-1	-1	-1	-1	-1
125	11	-1	-1	4	4	4	4	4	4	4	4	-1	4	-1	-1	-1	-1	-1	-1	-1
126	17	-1	-1	-1	-1	-1	-1	-1	-1	-1	-1	-1	-1	-1	36	36	36	36	36	36
127	23	27	-1	-1	-1	27	-1	-1	27	27	-1	-1	27	-1	-1	-1	-1	-1	-1	-1
128	24	27	-1	-1	-1	27	-1	-1	27	27	-1	-1	27	-1	-1	-1	-1	-1	-1	-1
129	3	10	-1	10	-1	10	10	10	10	10	10	-1	10	10	10	10	10	10	10	10
130	30	-1	-1	-1	-1	-1	23	23	23	23	23	-1	23	-1	-1	-1	-1	-1	-1	-1
131	30	-1	-1	-1	-1	-1	23	23	23	23	23	-1	23	-1	-1	-1	-1	-1	-1	-1
132	30	-1	-1	-1	-1	-1	23	23	23	23	23	-1	23	-1	-1	-1	-1	-1	-1	-1
133	30	-1	-1	-1	-1	-1	23	23	23	23	23	-1	23	-1	-1	-1	-1	-1	-1	-1
134	14	10	-1	10	-1	-1	-1	10	10	10	-1	10	10	10	10	10	10	10	10	10
135	30	-1	-1	-1	-1	-1	23	23	23	23	23	-1	23	-1	-1	-1	-1	-1	-1	-1
136	29	-1	-1	4	4	4	4	4	4	4	4	4	4	-1	-1	-1	-1	-1	-1	-1
137	1	-1	-1	18	-1	18	-1	18	18	18	-1	-1	-1	18	18	-1	18	18	18	18
138	10	-1	9	-1	9	-1	-1	-1	-1	-1	-1	-1	-1	-1	-1	-1	-1	-1	-1	-1
139	31	17	-1	-1	-1	17	-1	17	-1	-1	-1	-1	-1	-1	-1	-1	-1	-1	-1	-1
140	36	-1	-1	-1	-1	-1	25	25	-1	-1	-1	-1	-1	-1	-1	-1	-1	-1	-1	-1
141	9	-1	9	-1	9	-1	-1	-1	-1	-1	-1	-1	-1	-1	-1	-1	-1	-1	-1	-1
142	12	-1	-1	17	-1	17	-1	17	17	17	-1	-1	-1	17	17	-1	17	17	17	17
143	20	-1	-1	14	-1	14	-1	-1	14	-1	-1	-1	-1	-1	-1	-1	-1	-1	-1	-1
