54
19
25
0	1	21	0	21	0	21	21	0	21	0	0	0	0	21	21	0	0	0	21	21
1	4	0	11	0	0	0	0	0	0	0	0	11	0	0	0	0	0	0	0	0
2	25	0	0	23	0	23	0	0	0	0	0	23	0	0	0	0	0	0	0	0
3	21	0	0	20	0	20	20	20	0	0	0	20	0	0	0	0	0	0	0	0
4	19	0	0	0	0	9	9	0	0	0	0	0	0	0	0	0	0	0	0	0
5	6	0	0	0	0	0	33	0	0	33	0	0	0	33	0	0	0	33	33	33
6	5	4	4	4	0	4	4	4	4	4	4	0	4	0	0	0	0	0	0	0
7	22	0	0	0	0	0	0	0	0	0	0	0	0	27	0	0	0	0	0	0
8	9	0	0	14	0	14	0	0	14	0	0	0	0	0	0	0	0	0	0	0
9	17	0	0	0	0	0	0	0	0	0	0	0	0	17	17	17	17	17	17	17
10	15	7	0	0	0	7	0	0	0	0	0	0	0	0	0	0	0	0	0	0
11	18	0	0	0	0	18	18	0	0	18	0	18	0	0	18	0	0	18	18	18
12	23	0	0	0	0	14	14	0	0	0	0	14	0	0	0	0	0	0	0	0
13	20	0	0	14	0	14	0	0	0	0	14	0	14	14	14	0	0	14	0	0
14	14	12	0	0	0	0	0	0	0	0	12	0	0	0	0	0	0	0	0	0
15	14	12	0	0	0	0	0	0	0	0	12	0	0	0	0	0	0	0	0	0
16	14	12	0	0	0	0	0	0	0	0	12	0	0	0	0	0	0	0	0	0
17	14	12	0	0	0	0	0	0	0	0	12	0	0	0	0	0	0	0	0	0
18	18	0	0	0	0	18	18	0	0	18	0	18	0	0	18	0	0	18	18	18
19	1	21	0	21	0	21	21	0	21	0	0	0	0	21	21	0	0	0	21	21
20	4	0	11	0	0	0	0	0	0	0	0	11	0	0	0	0	0	0	0	0
21	20	0	0	14	0	14	0	0	0	0	14	0	14	14	14	0	0	14	0	0
22	16	9	0	0	0	0	0	0	0	0	0	0	0	0	0	0	0	0	0	0
23	16	9	0	0	0	0	0	0	0	0	0	0	0	0	0	0	0	0	0	0
24	2	24	0	24	0	24	0	0	24	24	0	0	0	0	0	0	0	0	0	0
25	16	9	0	0	0	0	0	0	0	0	0	0	0	0	0	0	0	0	0	0
26	14	12	0	0	0	0	0	0	0	0	12	0	0	0	0	0	0	0	0	0
27	16	9	0	0	0	0	0	0	0	0	0	0	0	0	0	0	0	0	0	0
28	14	12	0	0	0	0	0	0	0	0	12	0	0	0	0	0	0	0	0	0
29	14	12	0	0	0	0	0	0	0	0	12	0	0	0	0	0	0	0	0	0
30	1	21	0	21	0	21	21	0	21	0	0	0	0	21	21	0	0	0	21	21
31	1	21	0	21	0	21	21	0	21	0	0	0	0	21	21	0	0	0	21	21
32	13	0	0	0	0	0	0	0	0	0	0	0	0	39	0	39	39	0	0	0
33	1	21	0	21	0	21	21	0	21	0	0	0	0	21	21	0	0	0	21	21
34	4	0	11	0	0	0	0	0	0	0	0	11	0	0	0	0	0	0	0	0
35	12	0	11	0	0	0	0	0	0	0	0	11	0	0	0	0	0	0	0	0
36	11	0	12	0	12	0	0	0	0	0	0	12	0	0	0	0	0	0	0	0
37	21	0	0	20	0	20	20	20	0	0	0	20	0	0	0	0	0	0	0	0
38	4	0	11	0	0	0	0	0	0	0	0	11	0	0	0	0	0	0	0	0
39	21	0	0	20	0	20	20	20	0	0	0	20	0	0	0	0	0	0	0	0
40	21	0	0	20	0	20	20	20	0	0	0	20	0	0	0	0	0	0	0	0
41	3	24	0	24	0	24	0	0	24	24	0	0	0	0	0	0	0	0	0	0
42	19	0	0	0	0	9	9	0	0	0	0	0	0	0	0	0	0	0	0	0
43	8	21	21	0	0	21	21	0	21	21	0	21	0	21	21	21	0	0	21	21
44	8	21	21	0	0	21	21	0	21	21	0	21	0	21	21	21	0	0	21	21
45	8	21	21	0	0	21	21	0	21	21	0	21	0	21	21	21	0	0	21	21
46	12	0	11	0	0	0	0	0	0	0	0	11	0	0	0	0	0	0	0	0
47	24	0	0	0	0	7	7	7	0	0	0	0	0	0	0	0	0	0	0	0
48	7	0	0	0	0	0	18	18	18	18	0	0	0	18	18	0	18	18	18	0
49	10	28	0	0	0	28	0	0	28	28	28	0	28	0	0	0	0	0	0	0
50	10	28	0	0	0	28	0	0	28	28	28	0	28	0	0	0	0	0	0	0
51	5	4	4	4	0	4	4	4	4	4	4	0	4	0	0	0	0	0	0	0
52	5	4	4	4	0	4	4	4	4	4	4	0	4	0	0	0	0	0	0	0
53	17	0	0	0	0	0	0	0	0	0	0	0	0	17	17	17	17	17	17	17
