0 7 1 21 21
1 10 4 34 11
2 4 25 0 23
3 2 21 13 20
4 5 19 0 9
5 17 6 0 33
6 2 5 4 4
7 12 22 0 27
8 4 9 32 14
9 16 17 29 17
10 4 15 47 7
11 18 18 0 18
12 5 23 19 14
13 16 20 0 14
14 0 14 37 12
15 9 14 48 12
16 0 14 49 12
17 9 14 0 12
18 18 18 18 18
19 13 1 0 21
20 10 4 45 11
21 16 20 14 14
22 0 16 0 9
23 0 16 9 9
24 8 2 0 24
25 0 16 18 9
26 9 14 36 12
27 0 16 27 9
28 9 14 12 12
29 9 14 24 12
30 13 1 21 21
31 7 1 0 21
32 15 13 19 39
33 17 1 34 21
34 1 4 0 11
35 10 12 0 11
36 3 11 0 12
37 2 21 33 20
38 10 4 23 11
39 6 21 0 20
40 6 21 20 20
41 8 3 25 24
42 5 19 9 9
43 14 8 0 21
44 14 8 21 21
45 12 8 28 21
46 10 12 11 11
47 4 24 24 7
48 15 7 0 18
49 11 10 0 28
50 11 10 28 28
51 2 5 8 4
52 2 5 0 4
53 18 17 37 17
